show devices ----------------------------------
Device 1 consists Lots 1,
Device 2 consists Lots 2,3,
Device 3 consists Lots 4,5,7,
Device 4 consists Lots 6,8,
Device 5 consists Lots 9,
Device 6 consists Lots 10,
Device 7 consists Lots 11,
Device 8 consists Lots 12,
Device 9 consists Lots 13,
Device 10 consists Lots 14,
Device 11 consists Lots 15,
Device 12 consists Lots 16,
Device 13 consists Lots 17,18,
Device 14 consists Lots 19,33,
Device 15 consists Lots 20,
Device 16 consists Lots 21,
Device 17 consists Lots 22,
Device 18 consists Lots 23,461,462,463,464,465,
Device 19 consists Lots 24,45,46,
Device 20 consists Lots 25,44,52,53,54,55,56,57,58,59,60,61,62,63,64,65,66,67,68,83,84,85,86,87,88,89,90,91,92,93,94,95,96,108,109,110,111,112,113,114,115,116,117,118,119,120,121,122,123,1466,1467,
Device 21 consists Lots 26,905,913,
Device 22 consists Lots 27,
Device 23 consists Lots 28,
Device 24 consists Lots 29,128,
Device 25 consists Lots 30,31,32,
Device 26 consists Lots 34,100,101,102,103,
Device 27 consists Lots 35,151,228,229,230,
Device 28 consists Lots 36,38,40,
Device 29 consists Lots 37,39,41,
Device 30 consists Lots 42,43,
Device 31 consists Lots 47,323,416,417,418,1514,1751,1752,
Device 32 consists Lots 48,675,676,677,770,771,772,773,774,775,776,777,778,779,780,781,904,906,907,908,909,910,911,914,916,918,
Device 33 consists Lots 49,
Device 34 consists Lots 50,291,292,293,294,295,296,297,298,299,300,301,302,882,1471,1479,1482,1488,1626,1627,1632,
Device 35 consists Lots 51,184,1470,1485,1498,
Device 36 consists Lots 69,70,
Device 37 consists Lots 71,72,73,74,
Device 38 consists Lots 75,104,
Device 39 consists Lots 76,77,78,79,80,
Device 40 consists Lots 81,82,716,
Device 41 consists Lots 97,98,450,451,452,
Device 42 consists Lots 99,168,169,221,935,936,937,938,939,940,1170,1174,1176,1391,1393,
Device 43 consists Lots 105,106,
Device 44 consists Lots 107,1726,1745,
Device 45 consists Lots 124,125,912,915,917,
Device 46 consists Lots 126,139,153,185,199,200,216,626,627,628,629,630,870,871,872,873,874,875,876,877,878,879,880,881,1041,1042,1043,1044,
Device 47 consists Lots 127,
Device 48 consists Lots 129,884,885,886,887,
Device 49 consists Lots 130,131,1153,1452,1453,1454,1456,1457,1459,1460,1461,1462,1464,1465,
Device 50 consists Lots 132,
Device 51 consists Lots 133,
Device 52 consists Lots 134,
Device 53 consists Lots 135,136,137,
Device 54 consists Lots 138,270,1639,1642,1643,1646,1649,1651,1653,
Device 55 consists Lots 140,1150,1152,1320,1321,1323,1324,1326,1331,1334,1335,1336,1337,1338,1339,1340,1343,1344,1345,1519,1521,1522,1523,1525,1528,1529,1530,1532,1533,1534,1535,1536,1542,1543,1668,1669,1672,1673,1677,1678,1679,1680,1682,
Device 56 consists Lots 141,
Device 57 consists Lots 142,143,144,145,175,176,177,178,179,180,181,182,183,
Device 58 consists Lots 146,147,
Device 59 consists Lots 148,
Device 60 consists Lots 149,150,
Device 61 consists Lots 152,
Device 62 consists Lots 154,155,201,202,203,204,206,207,208,
Device 63 consists Lots 156,157,158,159,160,161,
Device 64 consists Lots 162,
Device 65 consists Lots 163,1145,1146,1147,1148,1308,1309,1310,1311,1312,1314,1316,1317,1319,
Device 66 consists Lots 164,165,166,167,
Device 67 consists Lots 170,303,356,369,373,467,468,469,470,474,478,479,480,485,489,634,635,636,664,830,1236,1237,1238,1243,1244,1245,1251,1254,1255,1257,1258,1259,1422,1425,1426,1429,1430,1432,1433,1435,1436,1439,1440,1444,1448,1449,1637,1638,1640,1641,1645,1647,1652,1727,1730,1735,1736,1737,1742,1780,1781,
Device 68 consists Lots 171,172,
Device 69 consists Lots 173,174,187,188,189,190,191,192,193,194,195,196,197,198,
Device 70 consists Lots 186,
Device 71 consists Lots 205,209,
Device 72 consists Lots 210,211,212,
Device 73 consists Lots 213,
Device 74 consists Lots 214,
Device 75 consists Lots 215,694,695,696,697,
Device 76 consists Lots 217,
Device 77 consists Lots 218,219,220,222,223,224,225,226,321,322,399,400,1545,1546,1547,
Device 78 consists Lots 227,439,
Device 79 consists Lots 231,449,466,
Device 80 consists Lots 232,233,347,348,349,350,351,
Device 81 consists Lots 234,260,261,262,263,264,265,276,277,278,282,283,284,287,288,289,305,306,307,308,325,326,346,390,434,1863,1864,1865,1866,1867,1868,1869,1870,1871,1880,1881,
Device 82 consists Lots 235,324,378,380,381,385,1524,1526,1538,
Device 83 consists Lots 236,237,238,239,240,241,242,243,244,245,247,248,249,250,584,
Device 84 consists Lots 246,
Device 85 consists Lots 251,252,
Device 86 consists Lots 253,352,353,
Device 87 consists Lots 254,255,256,257,258,259,
Device 88 consists Lots 266,556,557,563,564,565,566,569,570,571,
Device 89 consists Lots 267,1644,1650,1654,
Device 90 consists Lots 268,357,359,363,368,493,500,505,506,507,509,512,515,517,
Device 91 consists Lots 269,528,529,530,531,532,533,534,535,536,1629,1633,1635,1636,
Device 92 consists Lots 271,290,309,310,313,314,317,318,319,320,403,407,408,411,
Device 93 consists Lots 272,332,538,593,594,595,596,597,598,599,601,602,680,681,682,683,684,685,686,687,688,689,690,691,927,928,929,930,931,932,933,1264,1265,1418,1419,
Device 94 consists Lots 273,274,539,540,541,542,543,750,751,752,753,754,755,756,757,
Device 95 consists Lots 275,637,653,657,1012,1013,1014,1015,1268,1269,1270,1275,1287,1290,1291,1292,1297,1299,1778,
Device 96 consists Lots 279,280,1154,1155,
Device 97 consists Lots 281,
Device 98 consists Lots 285,334,335,435,436,437,438,
Device 99 consists Lots 286,
Device 100 consists Lots 304,371,1728,1731,1732,1733,1734,1738,1740,1743,1744,1796,
Device 101 consists Lots 311,312,315,316,
Device 102 consists Lots 327,768,
Device 103 consists Lots 328,329,330,
Device 104 consists Lots 331,1300,1301,1357,1358,1359,1410,1411,1412,1413,1414,1415,1510,1511,1512,1513,1555,1619,1830,1839,1847,1873,1874,1875,1876,1877,1878,1879,1882,1883,1884,
Device 105 consists Lots 333,
Device 106 consists Lots 336,337,338,339,340,341,
Device 107 consists Lots 342,343,344,345,605,606,607,609,610,611,612,613,614,615,616,
Device 108 consists Lots 354,472,486,1473,1475,1476,1493,1504,
Device 109 consists Lots 355,358,360,361,364,365,366,367,370,374,471,473,475,476,477,481,482,483,484,487,488,490,491,492,638,639,640,641,644,649,650,654,660,661,662,665,666,
Device 110 consists Lots 362,372,
Device 111 consists Lots 375,495,496,497,516,518,667,668,669,670,671,672,673,674,1420,1442,1446,1447,1451,1602,
Device 112 consists Lots 376,377,382,383,387,388,389,555,558,559,560,561,562,567,568,934,1517,1518,1520,1527,1539,1540,1659,1660,1661,1662,1663,1664,1665,
Device 113 consists Lots 379,384,386,
Device 114 consists Lots 391,392,393,394,395,396,397,398,401,402,1363,1365,1366,1367,1369,
Device 115 consists Lots 404,405,406,409,410,412,413,414,415,545,546,547,548,549,550,551,552,553,554,
Device 116 consists Lots 419,420,421,422,
Device 117 consists Lots 423,424,426,432,433,1313,1315,1318,1666,
Device 118 consists Lots 425,427,428,429,430,431,1370,1371,1372,1373,1374,1375,1376,1377,1515,1516,1815,
Device 119 consists Lots 440,441,442,444,445,446,447,448,
Device 120 consists Lots 443,692,1322,1328,1329,1333,1342,
Device 121 consists Lots 453,455,456,457,459,
Device 122 consists Lots 454,458,460,
Device 123 consists Lots 494,498,499,501,502,503,504,510,511,513,514,
Device 124 consists Lots 508,814,815,816,821,822,833,840,841,842,848,853,854,855,856,1053,1054,1057,1058,1062,
Device 125 consists Lots 519,520,521,524,525,526,
Device 126 consists Lots 522,523,527,
Device 127 consists Lots 537,888,889,890,891,892,893,894,895,896,897,898,899,900,901,902,903,1133,1134,1135,1136,1137,1138,1139,1140,1141,1142,1143,1144,1302,1509,
Device 128 consists Lots 544,678,679,1548,1549,1550,1551,
Device 129 consists Lots 572,573,
Device 130 consists Lots 574,575,576,577,578,579,580,621,622,623,624,625,791,792,793,794,795,796,797,798,799,800,1072,1073,1074,1075,1076,
Device 131 consists Lots 581,582,583,587,588,589,590,
Device 132 consists Lots 585,586,591,592,955,956,957,958,959,960,961,962,1162,
Device 133 consists Lots 600,735,736,737,738,739,740,741,742,743,972,973,974,975,976,977,978,
Device 134 consists Lots 603,
Device 135 consists Lots 604,617,618,970,1327,1330,1332,1341,1347,1590,1591,
Device 136 consists Lots 608,
Device 137 consists Lots 619,620,
Device 138 consists Lots 631,632,1552,1553,1554,
Device 139 consists Lots 633,642,643,646,648,651,658,659,663,802,803,805,808,817,823,825,834,835,850,857,859,1055,1056,1059,1063,1064,1066,1067,1068,1070,1256,1260,1729,
Device 140 consists Lots 645,647,652,655,801,806,824,831,832,837,843,844,845,849,851,852,858,1271,1272,1281,1284,1285,1294,1295,1296,1469,1480,1483,1484,1486,1491,1494,1495,1739,1741,1793,1794,1795,
Device 141 consists Lots 656,
Device 142 consists Lots 693,1325,
Device 143 consists Lots 698,699,700,701,702,703,704,705,706,707,708,709,710,711,712,713,714,715,941,942,943,944,945,946,947,948,949,950,951,952,953,954,1196,1197,1198,1199,1356,
Device 144 consists Lots 717,718,719,721,723,724,727,
Device 145 consists Lots 720,722,725,726,919,920,921,922,923,924,925,926,
Device 146 consists Lots 728,732,963,964,965,966,967,968,969,971,1169,1175,1177,1228,
Device 147 consists Lots 729,730,731,733,734,
Device 148 consists Lots 744,746,748,983,984,986,987,989,993,995,996,1386,1387,1388,1389,1390,1809,
Device 149 consists Lots 745,747,749,1306,
Device 150 consists Lots 758,759,760,761,762,763,764,765,766,767,769,
Device 151 consists Lots 782,783,784,785,
Device 152 consists Lots 786,787,788,789,
Device 153 consists Lots 790,1004,1077,1078,1079,1080,1081,1082,1083,1084,1348,1349,1350,1351,1352,1353,1354,1355,1378,1379,1380,1381,1382,1383,1384,1385,1692,1693,1694,1695,1696,
Device 154 consists Lots 804,818,819,826,828,846,847,
Device 155 consists Lots 807,836,
Device 156 consists Lots 809,810,811,812,813,827,838,839,860,861,1200,1201,1202,1203,1204,1205,1206,1207,1208,1209,1210,1211,1239,1240,1241,1242,1246,1247,1248,1249,1250,1252,1253,1261,1262,1263,
Device 157 consists Lots 820,829,
Device 158 consists Lots 862,865,
Device 159 consists Lots 863,864,866,867,868,869,
Device 160 consists Lots 883,1045,1046,1047,1048,1049,1050,1051,1052,1223,1224,1225,1226,1227,1455,1458,1463,1468,1472,1477,1503,1655,1656,1657,
Device 161 consists Lots 979,980,981,982,985,988,990,991,992,994,997,1086,1087,1090,1091,1092,1094,1095,1099,1100,1101,1102,1103,1105,1106,1109,1111,1114,1116,1119,1121,1122,1124,1125,1126,1127,1128,1130,1131,1132,1623,
Device 162 consists Lots 998,999,1000,1001,1002,1003,
Device 163 consists Lots 1005,
Device 164 consists Lots 1006,1007,1008,1009,1010,1011,1178,1179,1180,1181,1182,1183,1184,1185,1186,1187,1188,1189,1190,1191,1192,1193,1194,1195,1397,1398,1399,1400,1401,1402,1403,1404,1405,1406,1407,1408,1409,1556,1557,1558,1559,1560,1561,1562,1563,1564,1565,1566,1567,1568,1569,1570,1571,1572,1573,1574,1575,1576,1577,1702,1703,1704,1705,1706,1707,1708,1709,1710,1711,1753,1754,1755,1756,1757,1758,1759,1760,1761,1762,1766,1767,1768,1769,1770,1771,1772,1773,1774,1775,1776,1783,1784,1785,1786,1787,1788,1789,1790,1791,1792,1798,1799,1800,1801,1802,1803,1804,1805,1806,1810,1811,1812,1813,1814,1816,1817,1818,1819,1820,1821,1823,1824,1825,1826,1827,1828,1829,1831,1832,1833,1834,1835,1836,1837,1838,1840,1841,1842,1843,1844,1845,1846,1848,1849,1850,1851,1852,1853,1854,1855,1856,1857,1858,1859,1860,1861,1862,
Device 165 consists Lots 1016,1022,
Device 166 consists Lots 1017,1026,
Device 167 consists Lots 1018,1033,1036,
Device 168 consists Lots 1019,1021,
Device 169 consists Lots 1020,1031,1035,
Device 170 consists Lots 1023,1032,
Device 171 consists Lots 1024,1030,
Device 172 consists Lots 1025,1027,
Device 173 consists Lots 1028,1029,1034,
Device 174 consists Lots 1037,
Device 175 consists Lots 1038,1478,1481,1487,1489,1490,1492,1496,1499,1500,1501,
Device 176 consists Lots 1039,1746,
Device 177 consists Lots 1040,
Device 178 consists Lots 1060,
Device 179 consists Lots 1061,1065,1069,1071,
Device 180 consists Lots 1085,
Device 181 consists Lots 1088,1089,1096,1107,1112,1117,1118,1120,
Device 182 consists Lots 1093,1098,1108,1110,1113,1123,1129,
Device 183 consists Lots 1097,1104,1115,
Device 184 consists Lots 1149,
Device 185 consists Lots 1151,1214,1215,1667,1670,1671,1674,1675,1676,1681,1683,
Device 186 consists Lots 1156,1157,
Device 187 consists Lots 1158,1159,1160,1161,
Device 188 consists Lots 1163,1164,1165,1304,
Device 189 consists Lots 1166,1167,1168,1171,1172,1173,
Device 190 consists Lots 1212,1213,
Device 191 consists Lots 1216,1217,1218,1219,1220,1221,1222,1697,1698,1699,1700,1701,1763,1764,1765,
Device 192 consists Lots 1229,1230,1231,1232,1233,1234,1235,
Device 193 consists Lots 1266,1274,1278,1279,1280,1283,1293,
Device 194 consists Lots 1267,1276,1277,1286,1288,1289,1298,1421,1423,1424,1427,1428,1431,1437,1438,1441,1450,1777,1779,1782,
Device 195 consists Lots 1273,1282,1592,1593,1594,1595,
Device 196 consists Lots 1303,
Device 197 consists Lots 1305,1307,1807,1808,
Device 198 consists Lots 1346,
Device 199 consists Lots 1360,1361,1362,
Device 200 consists Lots 1364,1368,1628,1630,1631,1634,
Device 201 consists Lots 1392,
Device 202 consists Lots 1394,1395,1396,
Device 203 consists Lots 1416,1417,
Device 204 consists Lots 1434,1443,1597,1621,
Device 205 consists Lots 1445,
Device 206 consists Lots 1474,1497,1505,1625,
Device 207 consists Lots 1502,
Device 208 consists Lots 1506,1507,1508,
Device 209 consists Lots 1531,1541,1544,
Device 210 consists Lots 1537,1686,1689,1690,
Device 211 consists Lots 1578,1580,1582,1584,1585,
Device 212 consists Lots 1579,1581,1583,
Device 213 consists Lots 1586,
Device 214 consists Lots 1587,1588,
Device 215 consists Lots 1589,
Device 216 consists Lots 1596,
Device 217 consists Lots 1598,1599,1600,1601,1603,1604,1605,1606,1607,1608,1609,1610,1611,1612,1613,1614,1615,1616,1617,1618,1620,1622,1624,
Device 218 consists Lots 1648,
Device 219 consists Lots 1658,
Device 220 consists Lots 1684,1685,
Device 221 consists Lots 1687,
Device 222 consists Lots 1688,1691,
Device 223 consists Lots 1712,1713,1714,1715,1716,1717,1718,1719,1720,1721,1722,1723,1724,1725,
Device 224 consists Lots 1747,
Device 225 consists Lots 1748,1749,1750,
Device 226 consists Lots 1797,
Device 227 consists Lots 1822,
Device 228 consists Lots 1872,
Device 229 consists Lots 
Device 230 consists Lots 
Device 231 consists Lots 
Device 232 consists Lots 
Device 233 consists Lots 
Device 234 consists Lots 
Device 235 consists Lots 
Device 236 consists Lots 
Device 237 consists Lots 
Device 238 consists Lots 
Device 239 consists Lots 
Device 240 consists Lots 
Device 241 consists Lots 
