show Lambda_i ---------------------------------
i=1:
i=2:
i=3:1,5,6,8,9,10,11,12,13,15,16,18,19,20,21,22,23,24,25,26,27,28,29,30,31,32,33,34,35,36,37,38,39,41,42,43,44,45,46,48,49,52,53,54,55,56,58,60,61,62,63,64,65,68,69,70,71,72,73,75,76,77,78,79,80,81,82,83,84,85,86,87,88,89,90,91,92,94,95,96,100,101,102,103,104,105,106,107,108,109,111,112,113,114,115,116,118,120,121,122,123,124,125,126,129,
i=4:1,5,6,8,9,10,11,12,13,15,16,18,19,20,21,22,23,24,25,26,27,28,29,30,31,32,33,34,35,36,37,38,39,41,42,43,44,45,46,48,49,52,53,54,55,56,58,60,61,62,63,64,65,68,69,70,71,72,73,75,76,77,78,79,80,81,82,83,84,85,86,87,88,89,90,91,92,94,95,96,100,101,102,103,104,105,106,107,108,109,111,112,113,114,115,116,118,120,121,122,123,124,125,126,129,
i=5:1,24,26,27,32,39,42,44,45,46,48,49,52,56,60,61,62,65,68,69,71,72,73,75,79,82,85,86,88,89,95,96,100,102,103,104,105,108,116,121,123,124,125,129,
i=6:1,5,6,8,9,10,11,12,13,15,16,18,19,20,21,22,23,24,25,26,27,28,29,30,31,32,33,34,35,36,37,38,39,41,42,43,44,45,46,48,49,50,52,53,54,55,56,58,60,61,62,63,64,65,68,69,70,71,72,73,75,76,77,78,79,80,81,82,83,84,85,86,87,88,89,90,91,92,94,95,96,100,101,102,103,104,105,106,107,108,109,111,112,113,114,115,116,118,120,121,122,123,124,125,126,129,
i=7:1,24,26,27,32,39,42,44,45,46,48,49,52,56,60,61,62,65,68,69,71,72,73,75,79,82,85,86,88,89,95,96,100,102,103,104,105,108,116,121,123,124,125,129,
i=8:
i=9:1,24,26,27,32,39,42,44,45,46,48,49,52,56,60,62,65,68,69,71,72,73,79,85,86,88,89,95,96,100,102,103,104,105,108,116,121,123,124,125,129,
i=10:1,5,6,8,9,10,11,12,13,15,16,18,19,20,21,22,23,24,25,26,27,28,29,30,31,32,33,34,35,36,37,38,39,41,42,43,44,45,46,48,49,52,53,54,55,56,58,60,61,62,63,64,65,68,69,70,71,72,73,75,76,77,78,79,80,81,82,83,84,85,86,87,88,89,90,91,92,94,95,96,100,101,102,103,104,105,106,107,108,109,111,112,113,114,115,116,118,120,121,122,123,124,125,126,129,
i=11:1,5,6,8,9,10,11,12,13,15,16,18,19,20,21,22,23,24,25,26,27,28,29,30,31,32,33,34,35,36,37,38,39,41,42,43,44,45,46,48,49,52,53,54,55,56,58,60,61,62,63,64,65,68,69,70,71,72,73,75,76,77,78,79,80,81,82,83,84,85,86,87,88,89,90,91,92,94,95,96,100,101,102,103,104,105,106,107,108,109,111,112,113,114,115,116,118,120,121,122,123,124,125,126,129,
i=12:1,24,26,27,32,39,42,44,45,46,48,49,52,56,60,61,62,65,68,69,71,72,73,75,79,82,85,86,88,89,95,96,100,102,103,104,105,108,116,121,123,124,125,129,
i=13:1,24,26,27,32,39,42,44,45,46,48,49,52,56,60,61,62,65,68,69,71,72,73,75,79,82,85,86,88,89,95,96,100,102,103,104,105,108,116,121,123,124,125,129,
i=14:
i=15:1,24,26,27,32,39,42,44,45,46,48,49,52,56,60,62,65,68,69,71,72,73,79,85,86,88,89,95,96,100,102,103,104,105,108,116,121,123,124,125,129,
i=16:1,5,6,8,9,10,11,12,13,15,16,18,19,20,21,22,23,24,25,26,27,28,29,30,31,32,33,34,35,36,37,38,39,41,42,43,44,45,46,48,49,52,53,54,55,56,58,60,61,62,63,64,65,68,69,70,71,72,73,75,76,77,78,79,80,81,82,83,84,85,86,87,88,89,90,91,92,94,95,96,100,101,102,103,104,105,106,107,108,109,111,112,113,114,115,116,118,120,121,122,123,124,125,126,129,
i=17:1,5,6,8,9,10,11,12,13,15,16,18,19,20,21,22,23,24,25,26,27,28,29,30,31,32,33,34,35,36,37,38,39,41,42,43,44,45,46,48,49,52,53,54,55,56,58,60,61,62,63,64,65,68,69,70,71,72,73,75,76,77,78,79,80,81,82,83,84,85,86,87,88,89,90,91,92,94,95,96,100,101,102,103,104,105,106,107,108,109,111,112,113,114,115,116,118,120,121,122,123,124,125,126,129,
i=18:1,5,6,8,9,10,11,12,13,15,16,18,19,20,21,22,23,24,25,26,27,28,29,30,31,32,33,34,35,36,37,38,39,41,42,43,44,45,46,48,49,52,53,54,55,56,58,60,61,62,63,64,65,68,69,70,71,72,73,75,76,77,78,79,80,81,82,83,84,85,86,87,88,89,90,91,92,94,95,96,100,101,102,103,104,105,106,107,108,109,111,112,113,114,115,116,118,120,121,122,123,124,125,126,129,
i=19:1,5,6,8,9,10,11,12,13,15,16,18,19,20,21,22,23,24,25,26,27,28,29,30,31,32,33,34,35,36,37,38,39,41,42,43,44,45,46,48,49,52,53,54,55,56,58,60,61,62,63,64,65,68,69,70,71,72,73,75,76,77,78,79,80,81,82,83,84,85,86,87,88,89,90,91,92,94,95,96,100,101,102,103,104,105,106,107,108,109,111,112,113,114,115,116,118,120,121,122,123,124,125,126,129,
i=20:1,5,6,8,9,10,11,12,13,15,16,18,19,20,21,22,23,24,25,26,27,28,29,30,31,32,33,34,35,36,37,38,39,41,42,43,44,45,46,48,49,52,53,54,55,56,58,60,61,62,63,64,65,68,69,70,71,72,73,75,76,77,78,79,80,81,82,83,84,85,86,87,88,89,90,91,92,94,95,96,100,101,102,103,104,105,106,107,108,109,111,112,113,114,115,116,118,120,121,122,123,124,125,126,129,
i=21:
i=22:1,5,6,8,9,10,11,12,13,15,16,18,19,20,21,22,23,24,25,26,27,28,29,30,31,32,33,34,35,36,37,38,39,41,42,43,44,45,46,48,49,52,53,54,55,56,58,60,61,62,63,64,65,68,69,70,71,72,73,75,76,77,78,79,80,81,82,83,84,85,86,87,88,89,90,91,92,94,95,96,100,101,102,103,104,105,106,107,108,109,111,112,113,114,115,116,118,120,121,122,123,124,125,126,129,
i=23:1,24,26,27,32,39,42,44,45,46,48,49,52,56,60,62,65,68,69,71,72,73,79,85,86,88,89,95,96,100,102,103,104,105,108,116,121,123,124,125,129,
i=24:1,5,6,8,9,10,11,12,13,15,16,18,19,20,21,22,23,24,25,26,27,28,29,30,31,32,33,34,35,36,37,38,39,41,42,43,44,45,46,48,49,52,53,54,55,56,58,60,61,62,63,64,65,68,69,70,71,72,73,75,76,77,78,79,80,81,82,83,84,85,86,87,88,89,90,91,92,94,95,96,100,101,102,103,104,105,106,107,108,109,111,112,113,114,115,116,118,120,121,122,123,124,125,126,129,
i=25:1,5,6,8,9,10,11,12,13,15,16,18,19,20,21,22,23,24,25,26,27,28,29,30,31,32,33,34,35,36,37,38,39,41,42,43,44,45,46,48,49,52,53,54,55,56,58,60,61,62,63,64,65,68,69,70,71,72,73,75,76,77,78,79,80,81,82,83,84,85,86,87,88,89,90,91,92,94,95,96,100,101,102,103,104,105,106,107,108,109,111,112,113,114,115,116,118,120,121,122,123,124,125,126,129,
i=26:1,5,6,8,9,10,11,12,13,15,16,18,19,20,21,22,23,24,25,26,27,28,29,30,31,32,33,34,35,36,37,38,39,41,42,43,44,45,46,48,49,52,53,54,55,56,58,60,61,62,63,64,65,68,69,70,71,72,73,75,76,77,78,79,80,81,82,83,84,85,86,87,88,89,90,91,92,94,95,96,100,101,102,103,104,105,106,107,108,109,110,111,112,113,114,115,116,118,120,121,122,123,124,125,126,129,
i=27:1,5,6,8,9,10,11,12,13,15,16,18,19,20,21,22,23,24,25,26,27,28,29,30,31,32,33,34,35,36,37,38,39,41,42,43,44,45,46,48,49,52,53,54,55,56,58,60,61,62,63,64,65,68,69,70,71,72,73,75,76,77,78,79,80,81,82,83,84,85,86,87,88,89,90,91,92,94,95,96,100,101,102,103,104,105,106,107,108,109,111,112,113,114,115,116,118,120,121,122,123,124,125,126,129,
i=28:1,5,6,8,9,10,11,12,13,15,16,18,19,20,21,22,23,24,25,26,27,28,29,30,31,32,33,34,35,36,37,38,39,41,42,43,44,45,46,48,49,52,53,54,55,56,58,60,61,62,63,64,65,68,69,70,71,72,73,75,76,77,78,79,80,81,82,83,84,85,86,87,88,89,90,91,92,94,95,96,100,101,102,103,104,105,106,107,108,109,111,112,113,114,115,116,118,120,121,122,123,124,125,126,129,
i=29:1,5,6,8,9,10,11,12,13,15,16,18,19,20,21,22,23,24,25,26,27,28,29,30,31,32,33,34,35,36,37,38,39,41,42,43,44,45,46,48,49,50,52,53,54,55,56,58,60,61,62,63,64,65,68,69,70,71,72,73,75,76,77,78,79,80,81,82,83,84,85,86,87,88,89,90,91,92,94,95,96,100,101,102,103,104,105,106,107,108,109,111,112,113,114,115,116,118,120,121,122,123,124,125,126,129,
i=30:1,5,6,8,9,10,11,12,13,15,16,18,19,20,21,22,23,24,25,26,27,28,29,30,31,32,33,34,35,36,37,38,39,41,42,43,44,45,46,48,49,52,53,54,55,56,58,60,61,62,63,64,65,68,69,70,71,72,73,75,76,77,78,79,80,81,82,83,84,85,86,87,88,89,90,91,92,94,95,96,100,101,102,103,104,105,106,107,108,109,111,112,113,114,115,116,118,120,121,122,123,124,125,126,129,
i=31:1,5,6,8,9,10,11,12,13,15,16,18,19,20,21,22,23,24,25,26,27,28,29,30,31,32,33,34,35,36,37,38,39,41,42,43,44,45,46,48,49,52,53,54,55,56,58,60,61,62,63,64,65,68,69,70,71,72,73,75,76,77,78,79,80,81,82,83,84,85,86,87,88,89,90,91,92,94,95,96,100,101,102,103,104,105,106,107,108,109,110,111,112,113,114,115,116,118,120,121,122,123,124,125,126,129,
i=32:1,5,6,8,9,10,11,12,13,15,16,18,19,20,21,22,23,24,25,26,27,28,29,30,31,32,33,34,35,36,37,38,39,41,42,43,44,45,46,48,49,52,53,54,55,56,58,60,61,62,63,64,65,68,69,70,71,72,73,75,76,77,78,79,80,81,82,83,84,85,86,87,88,89,90,91,92,94,95,96,100,101,102,103,104,105,106,107,108,109,111,112,113,114,115,116,118,120,121,122,123,124,125,126,129,
i=33:1,5,6,8,9,10,11,12,13,15,16,18,19,20,21,22,23,24,25,26,27,28,29,30,31,32,33,34,35,36,37,38,39,41,42,43,44,45,46,48,49,52,53,54,55,56,58,60,61,62,63,64,65,68,69,70,71,72,73,75,76,77,78,79,80,81,82,83,84,85,86,87,88,89,90,91,92,94,95,96,100,101,102,103,104,105,106,107,108,109,111,112,113,114,115,116,118,120,121,122,123,124,125,126,129,
i=34:1,24,26,27,32,39,42,44,45,46,48,49,52,56,60,61,62,65,68,69,71,72,73,75,79,82,85,86,88,89,95,96,100,102,103,104,105,108,116,121,123,124,125,129,
i=35:21,22,37,38,39,41,44,64,74,75,76,92,94,108,116,118,122,
i=36:1,5,6,8,9,10,11,12,13,15,16,18,19,20,21,22,23,24,25,26,27,28,29,30,31,32,33,34,35,36,37,38,39,41,42,43,44,45,46,48,49,52,53,54,55,56,58,60,61,62,63,64,65,68,69,70,71,72,73,75,76,77,78,79,80,81,82,83,84,85,86,87,88,89,90,91,92,94,95,96,100,101,102,103,104,105,106,107,108,109,111,112,113,114,115,116,118,120,121,122,123,124,125,126,129,
i=37:1,5,6,8,9,10,11,12,13,15,16,18,19,20,21,22,23,24,25,26,27,28,29,30,31,32,33,34,35,36,37,38,39,41,42,43,44,45,46,48,49,52,53,54,55,56,58,60,61,62,63,64,65,68,69,70,71,72,73,75,76,77,78,79,80,81,82,83,84,85,86,87,88,89,90,91,92,94,95,96,100,101,102,103,104,105,106,107,108,109,111,112,113,114,115,116,118,120,121,122,123,124,125,126,129,
i=38:1,5,6,8,9,10,11,12,13,15,16,18,19,20,21,22,23,24,25,26,27,28,29,30,31,32,33,34,35,36,37,38,39,41,42,43,44,45,46,48,49,52,53,54,55,56,58,60,61,62,63,64,65,68,69,70,71,72,73,75,76,77,78,79,80,81,82,83,84,85,86,87,88,89,90,91,92,94,95,96,100,101,102,103,104,105,106,107,108,109,111,112,113,114,115,116,118,120,121,122,123,124,125,126,129,
i=39:1,5,6,8,9,10,11,12,13,15,16,18,19,20,21,22,23,24,25,26,27,28,29,30,31,32,33,34,35,36,37,38,39,41,42,43,44,45,46,48,49,52,53,54,55,56,58,60,61,62,63,64,65,68,69,70,71,72,73,75,76,77,78,79,80,81,82,83,84,85,86,87,88,89,90,91,92,94,95,96,100,101,102,103,104,105,106,107,108,109,111,112,113,114,115,116,118,120,121,122,123,124,125,126,129,
i=40:1,5,6,8,9,10,11,12,13,15,16,18,19,20,21,22,23,24,25,26,27,28,29,30,31,32,33,34,35,36,37,38,39,41,42,43,44,45,46,48,49,50,52,53,54,55,56,58,60,61,62,63,64,65,68,69,70,71,72,73,75,76,77,78,79,80,81,82,83,84,85,86,87,88,89,90,91,92,94,95,96,100,101,102,103,104,105,106,107,108,109,111,112,113,114,115,116,118,120,121,122,123,124,125,126,129,
i=41:21,22,37,38,39,41,44,64,74,75,76,92,94,108,116,118,122,
i=42:1,5,6,8,9,10,11,12,13,15,16,18,19,20,21,22,23,24,25,26,27,28,29,30,31,32,33,34,35,36,37,38,39,41,42,43,44,45,46,48,49,52,53,54,55,56,58,60,61,62,63,64,65,68,69,70,71,72,73,75,76,77,78,79,80,81,82,83,84,85,86,87,88,89,90,91,92,94,95,96,100,101,102,103,104,105,106,107,108,109,111,112,113,114,115,116,118,120,121,122,123,124,125,126,129,
i=43:1,5,6,8,9,10,11,12,13,15,16,18,19,20,21,22,23,24,25,26,27,28,29,30,31,32,33,34,35,36,37,38,39,41,42,43,44,45,46,48,49,50,52,53,54,55,56,58,60,61,62,63,64,65,68,69,70,71,72,73,75,76,77,78,79,80,81,82,83,84,85,86,87,88,89,90,91,92,94,95,96,100,101,102,103,104,105,106,107,108,109,111,112,113,114,115,116,118,120,121,122,123,124,125,126,129,
i=44:1,5,6,8,9,10,11,12,13,15,16,18,19,20,21,22,23,24,25,26,27,28,29,30,31,32,33,34,35,36,37,38,39,41,42,43,44,45,46,48,49,52,53,54,55,56,58,60,61,62,63,64,65,68,69,70,71,72,73,75,76,77,78,79,80,81,82,83,84,85,86,87,88,89,90,91,92,94,95,96,100,101,102,103,104,105,106,107,108,109,111,112,113,114,115,116,118,120,121,122,123,124,125,126,129,
i=45:1,24,26,27,32,39,42,44,45,46,48,49,52,56,60,62,65,68,69,71,72,73,79,85,86,88,89,95,96,100,102,103,104,105,108,116,121,123,124,125,129,
i=46:1,5,6,8,9,10,11,12,13,15,16,18,19,20,21,22,23,24,25,26,27,28,29,30,31,32,33,34,35,36,37,38,39,41,42,43,44,45,46,48,49,52,53,54,55,56,58,60,61,62,63,64,65,68,69,70,71,72,73,75,76,77,78,79,80,81,82,83,84,85,86,87,88,89,90,91,92,94,95,96,100,101,102,103,104,105,106,107,108,109,111,112,113,114,115,116,118,120,121,122,123,124,125,126,129,
i=47:1,5,6,8,9,10,11,12,13,15,16,18,19,20,21,22,23,24,25,26,27,28,29,30,31,32,33,34,35,36,37,38,39,41,42,43,44,45,46,48,49,52,53,54,55,56,58,60,61,62,63,64,65,68,69,70,71,72,73,75,76,77,78,79,80,81,82,83,84,85,86,87,88,89,90,91,92,94,95,96,100,101,102,103,104,105,106,107,108,109,111,112,113,114,115,116,118,120,121,122,123,124,125,126,129,
i=48:14,21,22,37,38,39,41,44,47,57,59,64,74,75,76,92,94,108,116,118,122,
i=49:14,21,22,37,38,39,41,44,47,57,59,64,74,75,76,92,94,108,116,118,122,
i=50:14,21,22,37,38,39,41,44,47,57,59,64,74,75,76,92,94,108,116,118,122,
i=51:
i=52:1,21,22,24,26,27,32,37,38,39,41,42,44,45,46,48,49,52,56,60,62,64,65,68,69,71,72,73,75,76,79,85,86,88,89,92,94,95,96,100,102,103,104,105,108,116,118,121,122,123,124,125,129,
i=53:1,5,6,8,9,10,11,12,13,15,16,18,19,20,21,22,23,24,25,26,27,28,29,30,31,32,33,34,35,36,37,38,39,41,42,43,44,45,46,48,49,52,53,54,55,56,58,60,61,62,63,64,65,68,69,70,71,72,73,75,76,77,78,79,80,81,82,83,84,85,86,87,88,89,90,91,92,94,95,96,100,101,102,103,104,105,106,107,108,109,111,112,113,114,115,116,118,120,121,122,123,124,125,126,129,
i=54:1,5,6,8,9,10,11,12,13,15,16,18,19,20,21,22,23,24,25,26,27,28,29,30,31,32,33,34,35,36,37,38,39,41,42,43,44,45,46,48,49,52,53,54,55,56,58,60,61,62,63,64,65,68,69,70,71,72,73,75,76,77,78,79,80,81,82,83,84,85,86,87,88,89,90,91,92,94,95,96,100,101,102,103,104,105,106,107,108,109,110,111,112,113,114,115,116,118,120,121,122,123,124,125,126,129,
i=55:1,5,6,8,9,10,11,12,13,15,16,18,19,20,21,22,23,24,25,26,27,28,29,30,31,32,33,34,35,36,37,38,39,41,42,43,44,45,46,48,49,52,53,54,55,56,58,60,61,62,63,64,65,68,69,70,71,72,73,75,76,77,78,79,80,81,82,83,84,85,86,87,88,89,90,91,92,94,95,96,100,101,102,103,104,105,106,107,108,109,111,112,113,114,115,116,118,120,121,122,123,124,125,126,129,
i=56:1,5,6,8,9,10,11,12,13,15,16,18,19,20,21,22,23,24,25,26,27,28,29,30,31,32,33,34,35,36,37,38,39,41,42,43,44,45,46,48,49,52,53,54,55,56,58,60,61,62,63,64,65,68,69,70,71,72,73,75,76,77,78,79,80,81,82,83,84,85,86,87,88,89,90,91,92,94,95,96,100,101,102,103,104,105,106,107,108,109,111,112,113,114,115,116,118,120,121,122,123,124,125,126,129,
i=57:1,5,6,8,9,10,11,12,13,15,16,18,19,20,21,22,23,24,25,26,27,28,29,30,31,32,33,34,35,36,37,38,39,41,42,43,44,45,46,48,49,52,53,54,55,56,58,60,61,62,63,64,65,68,69,70,71,72,73,75,76,77,78,79,80,81,82,83,84,85,86,87,88,89,90,91,92,94,95,96,100,101,102,103,104,105,106,107,108,109,111,112,113,114,115,116,118,120,121,122,123,124,125,126,129,
i=58:1,5,6,8,9,10,11,12,13,15,16,18,19,20,21,22,23,24,25,26,27,28,29,30,31,32,33,34,35,36,37,38,39,41,42,43,44,45,46,48,49,52,53,54,55,56,58,60,61,62,63,64,65,68,69,70,71,72,73,75,76,77,78,79,80,81,82,83,84,85,86,87,88,89,90,91,92,94,95,96,100,101,102,103,104,105,106,107,108,109,111,112,113,114,115,116,118,120,121,122,123,124,125,126,129,
i=59:1,5,6,8,9,10,11,12,13,15,16,18,19,20,21,22,23,24,25,26,27,28,29,30,31,32,33,34,35,36,37,38,39,41,42,43,44,45,46,48,49,52,53,54,55,56,58,60,61,62,63,64,65,68,69,70,71,72,73,75,76,77,78,79,80,81,82,83,84,85,86,87,88,89,90,91,92,94,95,96,100,101,102,103,104,105,106,107,108,109,110,111,112,113,114,115,116,118,120,121,122,123,124,125,126,129,
i=60:1,5,6,8,9,10,11,12,13,15,16,18,19,20,21,22,23,24,25,26,27,28,29,30,31,32,33,34,35,36,37,38,39,41,42,43,44,45,46,48,49,52,53,54,55,56,58,60,61,62,63,64,65,68,69,70,71,72,73,75,76,77,78,79,80,81,82,83,84,85,86,87,88,89,90,91,92,94,95,96,100,101,102,103,104,105,106,107,108,109,111,112,113,114,115,116,118,120,121,122,123,124,125,126,129,
i=61:1,5,6,8,9,10,11,12,13,15,16,18,19,20,21,22,23,24,25,26,27,28,29,30,31,32,33,34,35,36,37,38,39,41,42,43,44,45,46,48,49,52,53,54,55,56,58,60,61,62,63,64,65,68,69,70,71,72,73,75,76,77,78,79,80,81,82,83,84,85,86,87,88,89,90,91,92,94,95,96,100,101,102,103,104,105,106,107,108,109,111,112,113,114,115,116,118,120,121,122,123,124,125,126,129,
i=62:1,5,6,8,9,10,11,12,13,15,16,18,19,20,21,22,23,24,25,26,27,28,29,30,31,32,33,34,35,36,37,38,39,41,42,43,44,45,46,48,49,52,53,54,55,56,58,60,61,62,63,64,65,68,69,70,71,72,73,75,76,77,78,79,80,81,82,83,84,85,86,87,88,89,90,91,92,94,95,96,100,101,102,103,104,105,106,107,108,109,111,112,113,114,115,116,118,120,121,122,123,124,125,126,129,
i=63:1,5,6,8,9,10,11,12,13,15,16,18,19,20,21,22,23,24,25,26,27,28,29,30,31,32,33,34,35,36,37,38,39,41,42,43,44,45,46,48,49,52,53,54,55,56,58,60,61,62,63,64,65,68,69,70,71,72,73,75,76,77,78,79,80,81,82,83,84,85,86,87,88,89,90,91,92,94,95,96,100,101,102,103,104,105,106,107,108,109,111,112,113,114,115,116,118,120,121,122,123,124,125,126,129,
i=64:1,5,6,8,9,10,11,12,13,15,16,18,19,20,21,22,23,24,25,26,27,28,29,30,31,32,33,34,35,36,37,38,39,41,42,43,44,45,46,48,49,52,53,54,55,56,58,60,61,62,63,64,65,68,69,70,71,72,73,75,76,77,78,79,80,81,82,83,84,85,86,87,88,89,90,91,92,94,95,96,100,101,102,103,104,105,106,107,108,109,111,112,113,114,115,116,118,120,121,122,123,124,125,126,129,
i=65:1,5,6,8,9,10,11,12,13,15,16,18,19,20,21,22,23,24,25,26,27,28,29,30,31,32,33,34,35,36,37,38,39,41,42,43,44,45,46,48,49,52,53,54,55,56,58,60,61,62,63,64,65,68,69,70,71,72,73,75,76,77,78,79,80,81,82,83,84,85,86,87,88,89,90,91,92,94,95,96,100,101,102,103,104,105,106,107,108,109,111,112,113,114,115,116,118,120,121,122,123,124,125,126,129,
i=66:1,5,6,8,9,10,11,12,13,15,16,18,19,20,21,22,23,24,25,26,27,28,29,30,31,32,33,34,35,36,37,38,39,41,42,43,44,45,46,48,49,52,53,54,55,56,58,60,61,62,63,64,65,68,69,70,71,72,73,75,76,77,78,79,80,81,82,83,84,85,86,87,88,89,90,91,92,94,95,96,100,101,102,103,104,105,106,107,108,109,111,112,113,114,115,116,118,120,121,122,123,124,125,126,129,
i=67:1,5,6,8,9,10,11,12,13,15,16,18,19,20,21,22,23,24,25,26,27,28,29,30,31,32,33,34,35,36,37,38,39,41,42,43,44,45,46,48,49,52,53,54,55,56,58,60,61,62,63,64,65,68,69,70,71,72,73,75,76,77,78,79,80,81,82,83,84,85,86,87,88,89,90,91,92,94,95,96,100,101,102,103,104,105,106,107,108,109,110,111,112,113,114,115,116,118,120,121,122,123,124,125,126,129,
i=68:1,5,6,8,9,10,11,12,13,15,16,18,19,20,21,22,23,24,25,26,27,28,29,30,31,32,33,34,35,36,37,38,39,41,42,43,44,45,46,48,49,52,53,54,55,56,58,60,61,62,63,64,65,68,69,70,71,72,73,75,76,77,78,79,80,81,82,83,84,85,86,87,88,89,90,91,92,94,95,96,100,101,102,103,104,105,106,107,108,109,111,112,113,114,115,116,118,120,121,122,123,124,125,126,129,
i=69:1,24,26,27,32,39,42,44,45,46,48,49,52,56,60,61,62,65,68,69,71,72,73,75,79,82,85,86,88,89,95,96,100,102,103,104,105,108,116,121,123,124,125,129,
i=70:1,5,6,8,9,10,11,12,13,15,16,18,19,20,21,22,23,24,25,26,27,28,29,30,31,32,33,34,35,36,37,38,39,41,42,43,44,45,46,48,49,52,53,54,55,56,58,60,61,62,63,64,65,68,69,70,71,72,73,75,76,77,78,79,80,81,82,83,84,85,86,87,88,89,90,91,92,94,95,96,100,101,102,103,104,105,106,107,108,109,111,112,113,114,115,116,118,120,121,122,123,124,125,126,129,
i=71:1,5,6,8,9,10,11,12,13,15,16,18,19,20,21,22,23,24,25,26,27,28,29,30,31,32,33,34,35,36,37,38,39,41,42,43,44,45,46,48,49,52,53,54,55,56,58,60,61,62,63,64,65,68,69,70,71,72,73,75,76,77,78,79,80,81,82,83,84,85,86,87,88,89,90,91,92,94,95,96,100,101,102,103,104,105,106,107,108,109,111,112,113,114,115,116,118,120,121,122,123,124,125,126,129,
i=72:1,5,6,8,9,10,11,12,13,15,16,18,19,20,21,22,23,24,25,26,27,28,29,30,31,32,33,34,35,36,37,38,39,41,42,43,44,45,46,48,49,52,53,54,55,56,58,60,61,62,63,64,65,68,69,70,71,72,73,75,76,77,78,79,80,81,82,83,84,85,86,87,88,89,90,91,92,94,95,96,100,101,102,103,104,105,106,107,108,109,111,112,113,114,115,116,118,120,121,122,123,124,125,126,129,
i=73:1,5,6,8,9,10,11,12,13,15,16,18,19,20,21,22,23,24,25,26,27,28,29,30,31,32,33,34,35,36,37,38,39,41,42,43,44,45,46,48,49,52,53,54,55,56,58,60,61,62,63,64,65,68,69,70,71,72,73,75,76,77,78,79,80,81,82,83,84,85,86,87,88,89,90,91,92,94,95,96,100,101,102,103,104,105,106,107,108,109,111,112,113,114,115,116,118,120,121,122,123,124,125,126,129,
i=74:1,5,6,8,9,10,11,12,13,15,16,18,19,20,21,22,23,24,25,26,27,28,29,30,31,32,33,34,35,36,37,38,39,41,42,43,44,45,46,48,49,52,53,54,55,56,58,60,61,62,63,64,65,68,69,70,71,72,73,75,76,77,78,79,80,81,82,83,84,85,86,87,88,89,90,91,92,94,95,96,100,101,102,103,104,105,106,107,108,109,111,112,113,114,115,116,118,120,121,122,123,124,125,126,129,
i=75:1,5,6,8,9,10,11,12,13,15,16,18,19,20,21,22,23,24,25,26,27,28,29,30,31,32,33,34,35,36,37,38,39,41,42,43,44,45,46,48,49,52,53,54,55,56,58,60,61,62,63,64,65,68,69,70,71,72,73,75,76,77,78,79,80,81,82,83,84,85,86,87,88,89,90,91,92,94,95,96,100,101,102,103,104,105,106,107,108,109,111,112,113,114,115,116,118,120,121,122,123,124,125,126,129,
i=76:1,5,6,8,9,10,11,12,13,15,16,18,19,20,21,22,23,24,25,26,27,28,29,30,31,32,33,34,35,36,37,38,39,41,42,43,44,45,46,48,49,52,53,54,55,56,58,60,61,62,63,64,65,68,69,70,71,72,73,75,76,77,78,79,80,81,82,83,84,85,86,87,88,89,90,91,92,94,95,96,100,101,102,103,104,105,106,107,108,109,111,112,113,114,115,116,118,120,121,122,123,124,125,126,129,
i=77:1,5,6,8,9,10,11,12,13,15,16,18,19,20,21,22,23,24,25,26,27,28,29,30,31,32,33,34,35,36,37,38,39,41,42,43,44,45,46,48,49,52,53,54,55,56,58,60,61,62,63,64,65,68,69,70,71,72,73,75,76,77,78,79,80,81,82,83,84,85,86,87,88,89,90,91,92,94,95,96,100,101,102,103,104,105,106,107,108,109,111,112,113,114,115,116,118,120,121,122,123,124,125,126,129,
i=78:
i=79:1,5,6,8,9,10,11,12,13,15,16,18,19,20,21,22,23,24,25,26,27,28,29,30,31,32,33,34,35,36,37,38,39,41,42,43,44,45,46,48,49,50,52,53,54,55,56,58,60,61,62,63,64,65,68,69,70,71,72,73,75,76,77,78,79,80,81,82,83,84,85,86,87,88,89,90,91,92,94,95,96,100,101,102,103,104,105,106,107,108,109,111,112,113,114,115,116,118,120,121,122,123,124,125,126,129,
i=80:1,5,6,8,9,10,11,12,13,15,16,18,19,20,21,22,23,24,25,26,27,28,29,30,31,32,33,34,35,36,37,38,39,41,42,43,44,45,46,48,49,52,53,54,55,56,58,60,61,62,63,64,65,68,69,70,71,72,73,75,76,77,78,79,80,81,82,83,84,85,86,87,88,89,90,91,92,94,95,96,100,101,102,103,104,105,106,107,108,109,111,112,113,114,115,116,118,120,121,122,123,124,125,126,129,
i=81:
i=82:1,5,6,8,9,10,11,12,13,15,16,18,19,20,21,22,23,24,25,26,27,28,29,30,31,32,33,34,35,36,37,38,39,41,42,43,44,45,46,48,49,52,53,54,55,56,58,60,61,62,63,64,65,68,69,70,71,72,73,75,76,77,78,79,80,81,82,83,84,85,86,87,88,89,90,91,92,94,95,96,100,101,102,103,104,105,106,107,108,109,111,112,113,114,115,116,118,120,121,122,123,124,125,126,129,
i=83:1,5,6,8,9,10,11,12,13,15,16,18,19,20,21,22,23,24,25,26,27,28,29,30,31,32,33,34,35,36,37,38,39,41,42,43,44,45,46,48,49,52,53,54,55,56,58,60,61,62,63,64,65,68,69,70,71,72,73,75,76,77,78,79,80,81,82,83,84,85,86,87,88,89,90,91,92,94,95,96,100,101,102,103,104,105,106,107,108,109,111,112,113,114,115,116,118,120,121,122,123,124,125,126,129,
i=84:1,5,6,8,9,10,11,12,13,15,16,18,19,20,21,22,23,24,25,26,27,28,29,30,31,32,33,34,35,36,37,38,39,41,42,43,44,45,46,48,49,50,52,53,54,55,56,58,60,61,62,63,64,65,68,69,70,71,72,73,75,76,77,78,79,80,81,82,83,84,85,86,87,88,89,90,91,92,94,95,96,100,101,102,103,104,105,106,107,108,109,111,112,113,114,115,116,118,120,121,122,123,124,125,126,129,
i=85:1,5,6,8,9,10,11,12,13,15,16,18,19,20,21,22,23,24,25,26,27,28,29,30,31,32,33,34,35,36,37,38,39,41,42,43,44,45,46,48,49,52,53,54,55,56,58,60,61,62,63,64,65,68,69,70,71,72,73,75,76,77,78,79,80,81,82,83,84,85,86,87,88,89,90,91,92,94,95,96,100,101,102,103,104,105,106,107,108,109,111,112,113,114,115,116,118,120,121,122,123,124,125,126,129,
i=86:21,22,37,38,39,41,44,64,74,75,76,92,94,108,116,118,122,
i=87:1,5,6,8,9,10,11,12,13,15,16,18,19,20,21,22,23,24,25,26,27,28,29,30,31,32,33,34,35,36,37,38,39,41,42,43,44,45,46,48,49,52,53,54,55,56,58,60,61,62,63,64,65,68,69,70,71,72,73,75,76,77,78,79,80,81,82,83,84,85,86,87,88,89,90,91,92,94,95,96,100,101,102,103,104,105,106,107,108,109,111,112,113,114,115,116,118,120,121,122,123,124,125,126,129,
i=88:14,21,22,37,38,39,41,44,47,57,59,64,74,75,76,92,94,108,116,118,122,
i=89:1,24,26,27,32,39,42,44,45,46,48,49,52,56,60,62,65,68,69,71,72,73,79,85,86,88,89,95,96,100,102,103,104,105,108,116,121,123,124,125,129,
i=90:14,21,22,37,38,39,41,44,47,57,59,64,74,75,76,92,94,108,116,118,122,
i=91:1,24,26,27,32,39,42,44,45,46,48,49,52,56,60,61,62,65,68,69,71,72,73,75,79,82,85,86,88,89,95,96,100,102,103,104,105,108,116,121,123,124,125,129,
i=92:14,21,22,37,38,39,41,44,47,57,59,64,74,75,76,92,94,108,116,118,122,
i=93:
i=94:
i=95:1,5,6,8,9,10,11,12,13,15,16,18,19,20,21,22,23,24,25,26,27,28,29,30,31,32,33,34,35,36,37,38,39,41,42,43,44,45,46,48,49,50,52,53,54,55,56,58,60,61,62,63,64,65,68,69,70,71,72,73,74,75,76,77,78,79,80,81,82,83,84,85,86,87,88,89,90,91,92,94,95,96,100,101,102,103,104,105,106,107,108,109,111,112,113,114,115,116,118,120,121,122,123,124,125,126,129,
i=96:21,22,37,38,39,41,44,64,75,76,92,94,108,116,118,122,
i=97:21,22,37,38,39,41,44,64,75,76,92,94,108,116,118,122,
i=98:1,5,6,8,9,10,11,12,13,15,16,18,19,20,21,22,23,24,25,26,27,28,29,30,31,32,33,34,35,36,37,38,39,41,42,43,44,45,46,48,49,52,53,54,55,56,58,60,61,62,63,64,65,68,69,70,71,72,73,75,76,77,78,79,80,81,82,83,84,85,86,87,88,89,90,91,92,94,95,96,100,101,102,103,104,105,106,107,108,109,111,112,113,114,115,116,118,120,121,122,123,124,125,126,129,
